osu-benchmarks-9b9ff5d5d-sqzwh
# OSU MPI Latency Test v5.7.1
# Size   broadcast    Latency (us)
0                       4.98
1                       1.62
2                       5.12
4                       9.47
8                       5.24
16                      4.94
32                      9.15
64                      5.11
128                     5.49
256                     9.83
512                     4.77
1024                    5.27
2048                    4.61
4096                    9.55
8192                   19.71
16384                  52.96
32768                 100.23
65536                 150.84
131072                208.46
262144                433.16
524288                897.70
1048576              2083.36

